UricAcid Creatinine BMI SBP Glucose HDL LDL Triglycerides Race Sex Age Gout
6.300000191 1 27.37362862 120 6.050590038 0.921417654 3.019646406 1.388669968 W M 49 N
4.199999809 0.899999976 20.81165504 118 5.82671833 1.967351198 3.044316769 0.745140016 W F 50 
7.300000191 0.899999976 23.32215691 145 4.995900154 1.793028951 2.349743128 0.779009998 B F 57 
7.699999809 1.399999976 35.49215698 118 5.18524456 1.344771743 3.346232176 1.10642004 B M 48 N
5.099999905 0.899999976 30.23830986 137 4.917963982 1.444384456 1.876039505 0.711269975 B F 45 N
6.699999809 1.200000048 29.22422218 116 6.050590038 0.956820011 2.917007923 3.511189938 W M 52 N
5.599999905 0.899999976 26.56771851 127 11.17233086 1.170449495 3.872250557 1.241899967 B M 51 N
8.100000381 1.299999952 23.98989868 117 6.147454739 0.97122401 3.109483957 2.26928997 W M 55 N
6.900000095 1.5 29.26834488 113 5.717529774 0.982680023 3.775559902 1.637050033 W M 60 N
6.5 1.200000048 25.14554214 144 6.272630215 1.543997169 2.609118938 0.699980021 W M 51 
7.900000095 1 29.22422218 116 5.217939854 1.743222594 2.570225477 3.454740047 W F 51 N
4.199999809 1 29.19674301 105 5.828549862 0.905099988 3.770387888 1.987040043 W F 50 N
5 1 27.52437782 131 5.828549862 1.422299981 1.530912042 1.117709994 W M 45 N
5.099999905 1 24.42116547 92 5.16242981 1.319868565 4.141763687 1.061259985 W F 50 N
8.100000381 1.200000048 23.89610481 101 5.773039818 1.086120009 3.599711895 0.666109979 W M 47 N
6 1 30.65635872 123 4.757595539 1.743222594 4.163201332 1.783820033 W F 64 N
8.300000191 1.200000048 25.94548416 117 5.884059906 0.62063998 3.656604052 2.291870117 W M 58 N
7.900000095 1.5 25.52924538 114 5.217939854 0.724080026 4.122084141 0.880620003 W M 54 
7.400000095 1.399999976 29.83302498 114 9.714249611 0.827520013 4.577219963 2.145100117 B M 58 
2.599999905 1 24.94076538 128 5.328959942 1.817932129 4.06780386 1.151579976 W F 53 N
5.099999905 1 24.78478813 138 5.82671833 2.764252901 1.533679008 0.891910017 B F 46 
6.400000095 1.100000024 38.2931366 136 5.384469986 1.680899978 3.315252066 1.45641005 W M 64 N
6.199999809 1.200000048 23.84960747 118 5.452525139 1.643609881 2.638806105 0.587080002 W M 58 N
6.900000095 1.200000048 22.41446304 125 4.884880066 1.294965386 2.480594635 0.790300012 W M 62 N
7.199999809 1.100000024 22.28085899 104 5.995079994 2.19810009 1.892951965 0.948360026 B F 45 N
3.5 1.200000048 23.55405235 111 5.024876118 1.817932129 2.536891937 0.598370016 W F 60 N
6.099999905 0.899999976 21.30681801 157 5.051410198 1.344720006 5.058216095 0.81287998 W F 57 
5.300000191 1.100000024 23.05386925 113 5.238700867 1.145546317 2.888613701 0.620949984 W M 57 N
4.599999905 1 21.72730446 100 5.773039818 1.768125772 3.12975812 0.993520021 W F 52 
4.800000191 0.800000012 29.68956947 103 5.078332424 2.21638298 3.27628088 0.654820025 W F 46 N
6 1.200000048 21.48135376 112 4.757595539 1.593803525 2.605860472 0.880620003 B M 49 N
6.900000095 1.200000048 45.67576218 116 6.050590038 1.120643139 2.432520866 1.162870049 W F 50 N
7 1.399999976 30.72390556 147 5.606510162 1.070836782 4.913167477 1.275769949 W M 54 N
5.800000191 1 24.98583412 88 5.106919765 1.344771743 3.899636269 1.535439968 W F 59 N
6.300000191 1.200000048 19.9216423 119 5.106919765 1.319868565 4.534835339 1.501569986 W M 54 N
7.5 1.200000048 25.95398521 106 4.884880066 0.982680023 3.749700069 1.693500042 W M 48 
5.699999809 0.899999976 22.58270836 121 4.773859978 1.66851306 2.489774942 1.422539949 W F 48 N
4.900000095 1.100000024 30.31498337 180 15.50227737 1.045933604 3.996766329 2.032200098 B F 51 N
4 0.800000012 18.73048973 132 5.078332424 1.842835307 3.691204786 0.903199971 W F 63 N
5.699999809 1.100000024 29.06877327 131 6.147454739 0.871611297 3.653888702 0.903199971 B F 48 N
8.899999619 1.200000048 32.17773438 115 5.238700867 1.021030426 3.245869637 2.7660501 W M 45 N
10.5 1.299999952 36.80402756 142 6.661200047 1.294965386 3.877034664 1.806399941 W M 58 Y
6.099999905 1.200000048 30.81213951 116 5.024876118 1.170449495 2.563734531 0.824169993 W M 47 N
5 1.100000024 23.90771675 102 5.551000118 2.611860037 2.027424097 0.711269975 W F 56 
7.900000095 1.100000024 25.28473473 136 7.430402279 1.120643139 3.053160906 4.098269939 W F 60 N
6.599999905 1.100000024 22.32522964 128 5.328959942 1.817932129 4.600519657 1.45641005 W F 54 N
7.199999809 1.299999952 27.23124504 141 6.254367352 1.220255852 3.605220079 1.433830023 W M 49 
7.699999809 0.899999976 30.50069427 126 7.537314415 0.821804941 2.317599058 1.501569986 W M 57 N
7.900000095 1.200000048 29.88807869 112 5.328959942 1.045933604 3.727822542 1.71607995 W M 54 N
5.900000095 0.899999976 31.28616524 118 5.217939854 1.344771743 3.522080183 1.061259985 B F 59 
7.099999905 1.5 27.5873394 146 5.292156696 1.394578099 3.084373951 1.174160004 W M 60 N
7.300000191 1.200000048 29.68460083 150 6.716710091 1.292999983 2.761847973 1.987040043 B M 48 N
6 1.100000024 28.23153496 121 6.147454739 0.896514475 3.391073465 1.535439968 W F 47 N
4.099999905 1.100000024 19.27555084 119 4.66283989 0.996127188 2.69150877 0.699980021 B F 45 N
5.900000095 1.100000024 38.81287384 104 5.273449898 1.732620001 2.482559919 0.677399993 B F 51 N
9.300000191 1 32.75973892 111 5.051410198 1.618706703 3.294693232 3.274100065 W F 50 N
3.200000048 1 20.06392097 102 5.024876118 1.867738485 3.319777489 1.320930004 W F 52 N
3.400000095 1 24.32528496 111 4.66283989 1.992254376 4.819269657 1.10642004 W F 58 N
5.599999905 0.800000012 25.28716469 112 4.917963982 0.996127188 2.639788866 1.828979969 W F 51 
4.400000095 1 20.01649284 119 4.66283989 1.991219997 2.187756062 0.474180013 B F 61 N
6.800000191 1.100000024 24.38856506 123 5.995079994 0.821804941 4.019186974 2.416059971 W M 63 
7.099999905 1.100000024 26.84123611 123 5.384469986 1.568900347 2.847987652 1.30964005 W M 55 N
10.30000019 1.299999952 23.30241203 101 6.307823181 1.070836782 3.966691256 1.140290022 W M 54 Y
7.300000191 0.600000024 29.88464546 136 4.329780102 0.921417654 1.530110359 0.688690007 B F 46 
6.800000191 1 22.54689789 139 5.612893581 1.817932129 3.245455742 1.196740031 W M 58 N
8.899999619 0.800000012 34.32365799 114 7.993440151 1.137840033 3.532475948 1.546730042 B F 48 Y
8.5 0.899999976 27.45825577 121 6.040542603 1.444384456 2.444959641 1.727370024 B F 52 N
4.5 0.899999976 22.70640373 141 5.106919765 1.444384456 3.908635616 1.185449958 W F 56 N
5.400000095 1 29.27795982 113 5.662020206 1.784340024 2.684267998 0.858039975 B F 64 
6.099999905 1.100000024 28.40909004 127 5.995079994 1.603320003 4.230696201 1.264479995 B F 49 
4.800000191 0.899999976 24.67416573 124 4.971420288 1.66851306 5.096462727 2.788630009 W F 54 N
4.400000095 0.899999976 27.71618652 108 5.238700867 1.170449495 3.903282642 0.609660029 W F 52 N
5.5 0.899999976 29.38475609 114 5.078332424 0.796901762 3.738942146 4.211170197 W F 49 N
6.099999905 0.899999976 29.28341484 128 5.292156696 1.469287634 2.363164425 1.061259985 B F 54 N
6.300000191 1.200000048 28.60242844 150 5.292156696 0.747095406 4.714536667 1.174160004 W M 57 N
9.100000381 1.399999976 30.43507576 93 5.505981445 0.871611297 3.586652756 1.896720052 W M 47 N
7.699999809 1.700000048 29.76741982 179 4.94039011 1.51909399 5.695846081 1.241899967 B M 51 
4.599999905 1.100000024 22.06946564 108 5.551000118 0.796901762 4.628526211 1.987040043 W F 52 
6.900000095 1.200000048 26.72992706 108 5.612893581 1.045933604 4.032970428 1.840270042 W M 61 N
6.099999905 1.200000048 32.3545723 162 5.612893581 1.494190812 2.064145088 1.490280032 W M 63 N
4.800000191 1.100000024 31.56565666 119 5.88017416 0.921417654 3.712694407 2.077359915 W M 60 N
5.800000191 1.200000048 42.78888702 107 12.43424034 0.698220015 2.725644112 2.461220026 W F 60 N
5.800000191 1.299999952 26.54011536 101 4.49031496 0.821804941 4.401915073 1.975749969 W M 56 N
5.5 1 34.48417664 115 5.131788254 0.796901762 4.773342133 1.953169942 B M 47 N
5.599999905 1 38.56749344 112 6.57510376 1.270062208 3.286469936 1.230610013 B F 47 N
3.299999952 0.899999976 25.7678833 112 12.18799782 1.892641664 3.781042337 1.275769949 B F 53 N
5.5 1.100000024 37.06486511 135 5.773262024 1.319868565 2.755667448 1.603180051 B F 55 N
12.10000038 1.200000048 30.40742302 90 6.605690002 0.747095406 3.757716656 2.020910025 W F 62 
3.900000095 0.899999976 20.17213631 128 4.971420288 1.51909399 3.383961916 1.264479995 W F 60 N
6 1.100000024 23.15315628 130 5.773262024 1.444384456 1.855351567 0.81287998 W F 63 N
7.699999809 1.200000048 25.66115189 147 5.884059906 1.145546317 4.874661922 1.591889977 W M 64 N
6.400000095 1 27.70047379 133 5.452525139 0.896514475 4.942673683 2.438640118 W F 56 N
6.800000191 0.899999976 26.39253616 118 5.328959942 0.77579999 4.427231789 1.174160004 W F 51 
5.599999905 1 28.76756096 116 5.559437752 1.021030426 3.644113541 2.009619951 W F 56 N
6.800000191 0.899999976 42.49278259 129 6.628560066 1.195352674 3.837003469 0.925779998 W F 50 
6.5 1.200000048 30.12986946 150 6.361279488 0.871611297 4.440032482 3.872469902 W M 61 N
8.600000381 1.100000024 36.93181992 142 6.735472202 1.045933604 4.120894432 1.761240005 W F 55 
5.800000191 0.800000012 25.14892578 141 5.612893581 1.593803525 1.628352523 1.546730042 W F 60 N
5 0.800000012 21.12132454 109 4.829370022 1.51909399 2.571958065 0.722559988 W F 48 N
4.900000095 1 25.63116837 120 5.717529774 1.163699985 3.547991991 1.625759959 W F 60 N
3.700000048 1 20.95717049 130 5.273449898 1.867738485 3.149101496 1.185449958 W F 54 N
12.60000038 1.399999976 30.6766243 114 7.483858109 0.821804941 2.219331026 3.127330065 B M 62 N
9.800000191 1.299999952 28.58228874 114 5.16242981 0.871611297 3.198752642 1.10642004 W M 45 Y
4.800000191 1 21.82316971 100 4.650683403 1.270062208 3.255437851 1.016100049 W F 45 
4.5 0.800000012 22.53944397 128 5.292156696 1.94244802 2.924403906 1.343510032 W F 60 
6 1 25.78865814 103 5.773262024 1.369674921 4.004033089 1.253190041 W M 65 N
5 0.899999976 22.06946564 135 5.495490074 1.917544842 3.114811182 0.75642997 B F 60 
4.400000095 0.899999976 25.390625 118 5.399069309 1.469287634 3.506176472 1.049970031 W F 45 N
5.800000191 1.100000024 28.90801048 131 5.452525139 1.568900347 2.015295744 0.81287998 W M 63 N
4.199999809 1.299999952 23.34552193 139 5.666349888 2.415608406 2.64260745 1.433830023 B M 53 N
4.800000191 1 21.21212196 112 6.093998909 1.643609881 2.711214066 0.541920006 W F 46 N
9.300000191 1.399999976 31.71138954 118 5.93956995 0.996127188 3.81383276 2.201550007 W M 49 N
9.600000381 1.5 32.78469467 133 5.995079994 1.419481277 3.059470654 1.004809976 W M 45 N
4.800000191 0.899999976 26.34649467 124 6.43915987 1.292999983 3.842796087 1.546730042 W F 56 N
7.900000095 1.299999952 23.81508446 146 5.612893581 0.771998584 2.713929415 1.704789996 W M 65 
6.400000095 1.399999976 23.66863823 145 4.884880066 1.525740027 2.394635916 0.587080002 W M 50 N
6.400000095 1.200000048 25.25173759 101 4.650683403 1.24515903 2.525228977 0.970939994 W M 53 N
7.099999905 0.899999976 30.61351776 124 5.452525139 0.921417654 2.926550388 1.591889977 W M 59 N
5.800000191 1 31.03643227 108 5.884059906 1.189560056 2.813568115 1.704789996 W F 52 N
8.199999809 1.399999976 31.21784973 108 6.772220135 0.69728905 1.862850904 2.991849899 W M 49 N
5.099999905 1.100000024 26.33584404 115 6.050590038 1.215420008 3.641088009 1.083840013 B F 58 N
5.800000191 1.100000024 33.62208939 103 5.452525139 1.344771743 5.399516106 1.648339987 W F 56 N
7.400000095 1 25.04382706 112 5.773039818 1.086120009 4.701347828 2.495090008 W M 47 N
3.5 1 35.41379547 116 4.543771267 1.51909399 5.007969856 1.275769949 W F 55 N
5.400000095 1.100000024 29.57638168 131 4.917963982 1.992254376 3.764181614 0.699980021 B M 54 N
3.5 0.800000012 25.97316742 119 5.078332424 2.066963911 1.734456062 1.241899967 W F 45 N
8.399999619 1.100000024 29.16263962 104 6.661200047 0.905099988 2.280852079 0.496760011 W M 50 N
5.400000095 1.100000024 20.0000782 108 5.217939854 1.917544842 3.968191147 0.699980021 W F 60 N
4.599999905 1.100000024 21.27955437 130 5.106919765 1.618706703 2.26546526 0.722559988 B M 49 
4.400000095 0.899999976 30.85757256 123 5.345613003 2.540124416 1.090619683 0.541920006 W F 64 N
7.599999905 1.5 36.39702988 149 8.606436729 1.045933604 3.288202524 0.643530011 B M 57 Y
6.300000191 1.100000024 25.58872795 133 6.57510376 1.743222594 3.940805435 1.140290022 W F 61 N
6.800000191 1.100000024 26.95410156 142 5.933630466 1.618706703 2.761977196 1.10642004 W M 62 N
5.699999809 1.200000048 23.64930534 119 5.606510162 0.946320832 2.844755173 1.828979969 W M 45 N
4.699999809 0.899999976 32.16325378 104 5.773262024 1.170449495 2.718894482 1.219320059 W F 45 N
4.800000191 0.899999976 38.57875824 116 4.773859978 1.045933604 4.0226264 1.411249995 W F 48 
3.400000095 1 28.19865227 138 5.551000118 1.294965386 2.082350731 0.982230008 W M 64 
7.800000191 1.5 26.82781029 129 5.606510162 0.97122401 3.585308075 1.851559997 W M 52 N
5.300000191 1 30.15199852 109 4.917963982 1.195352674 4.881747246 1.298349977 W F 61 N
7.099999905 1.100000024 24.04452705 139 5.933630466 1.369674921 3.998861074 1.885429978 W M 61 N
5.199999809 1 34.28876877 165 5.82671833 1.494190812 4.096741199 1.174160004 B F 52 
4 0.899999976 24.57804871 98 4.718349934 1.021030426 4.40956974 1.749950051 W F 53 N
5.900000095 1.100000024 25.02712631 126 4.995900154 0.879239976 3.118716002 3.014430046 W M 63 
3.200000048 0.899999976 20.43757248 105 5.024876118 1.693416238 2.216615677 0.496760011 W F 51 N
6.400000095 1.200000048 26.04557991 144 5.452525139 1.419481277 4.311094761 1.998329997 W F 53 N
7.699999809 0.899999976 34.69081116 102 6.605690002 0.846708119 1.48069191 3.499900103 W F 54 N
6.099999905 1.100000024 22.1736908 111 5.238700867 0.846708119 3.942563772 2.077359915 W M 54 N
7.400000095 0.899999976 22.3435154 137 5.606510162 2.21638298 3.602117062 0.733850002 B M 56 N
3 0.899999976 23.27775955 97 5.495490074 0.801660001 2.601516008 1.659629941 W F 46 N
6 1.200000048 24.34137344 125 5.719805717 1.992254376 2.20740962 0.429019988 W M 54 N
6.199999809 1.299999952 30.68764877 118 4.66283989 1.593803525 3.112716436 1.298349977 B F 47 N
9.300000191 1.5 23.84431076 134 6.383649826 1.319868565 2.305703402 4.053110123 B M 50 N
6.699999809 1.399999976 23.95861435 113 5.051410198 0.905099988 3.86865592 2.337029934 W M 49 N
5.699999809 1.299999952 25.53544617 116 5.345613003 1.319868565 4.183139324 0.519339979 W M 57 N
6.199999809 1.100000024 28.61952782 114 5.612893581 1.120643139 4.113420963 1.049970031 W M 51 N
7.199999809 1.399999976 28.05194855 113 5.328959942 1.568900347 4.203051567 1.45641005 B M 47 N
5.599999905 1 32.41270065 105 6.106100082 2.091867208 4.336928844 0.75642997 W F 51 
5.599999905 1.100000024 27.30983353 137 16.4309597 0.871611297 4.072820663 1.117709994 W M 60 Y
8.199999809 0.899999976 55.47337341 130 6.57510376 1.768125772 4.184846401 1.174160004 B F 45 N
7.699999809 1.299999952 32.49966049 156 4.757595539 1.045933604 2.889958382 2.811209917 W M 61 Y
1.899999976 0.800000012 24.92222977 118 5.18524456 1.867738485 3.769741535 0.564499974 W F 64 N
5.199999809 0.800000012 29.70885277 121 4.995900154 1.469287634 3.604444265 1.399960041 W F 54 N
7.900000095 0.899999976 29.83302498 133 5.399069309 1.24515903 2.230424881 1.670920014 W M 62 N
7.699999809 1.399999976 22.74742126 122 4.607329845 1.195352674 3.950787306 1.806399941 B M 60 N
4.599999905 0.899999976 32.67552567 157 5.82671833 1.768125772 4.019342422 0.858039975 B F 53 
6.800000191 0.899999976 24.0777626 166 5.719805717 1.270062208 5.846609592 2.133810043 W F 53 N
6.699999809 1.100000024 35.26579666 121 6.43915987 0.821804941 4.557075024 1.749950051 W F 62 N
4.300000191 0.899999976 30.42020416 103 5.051410198 2.017157555 4.178898335 1.377380013 W F 49 N
4.699999809 0.899999976 24.77353477 113 4.884880066 1.706760049 1.711931944 0.722559988 W F 45 N
4.900000095 1.100000024 24.40533447 121 4.607329845 1.593803525 3.764388561 1.230610013 W F 51 N
5.300000191 1 21.8176899 111 5.328959942 2.390705347 1.638282776 1.140290022 W F 53 N
4.599999905 1 26.57312965 114 5.717529774 1.655040026 2.084316015 0.869329989 W F 46 N
5.400000095 1.399999976 27.9806366 104 5.662020206 1.195352674 4.100775242 0.801590025 B M 52 N
6.300000191 1.5 29.42624855 109 4.864507675 1.220255852 3.424200296 0.643530011 W M 49 N
5.900000095 1.200000048 26.00433159 115 5.719805717 1.319868565 2.983235359 1.049970031 W F 52 N
3.099999905 0.899999976 26.5574894 122 12.61564636 1.045933604 3.262342453 1.828979969 B F 57 N
5.699999809 1.200000048 23.72093773 114 5.666349888 1.618706703 4.499769211 2.111229897 W F 62 N
4.199999809 1 39.51974106 129 5.051410198 1.070836782 4.323559284 1.151579976 W F 59 N
7.400000095 1 34.97869492 132 11.99015999 0.846708119 2.985743761 3.149909973 W F 64 Y
7 0.899999976 25.53121185 124 5.292156696 1.768125772 4.153814316 1.016100049 W F 62 N
6.5 1.299999952 27.35905457 158 6.254367352 0.946320832 3.325751066 2.924109936 W M 51 N
4.300000191 1.299999952 21.60888863 119 5.606510162 1.94244802 2.510643959 0.835460007 W F 47 N
6.800000191 1 32.55697632 131 5.399069309 1.394578099 1.93618989 0.801590025 W F 48 N
4.599999905 1 25.9731884 124 5.666349888 2.066963911 3.306744099 1.196740031 W F 60 N
3.299999952 0.800000012 24.50894547 107 5.024876118 1.643609881 3.305994034 1.162870049 W F 53 N
4.199999809 0.899999976 25.24281693 127 5.884059906 1.294965386 2.682302713 0.801590025 W F 53 N
6.599999905 1.100000024 29.20149231 93 5.106919765 0.77579999 3.304908037 1.535439968 W M 57 N
6.699999809 1 36.34538269 104 9.72901535 1.394578099 3.70501399 0.891910017 B F 60 N
6.199999809 1.100000024 19.28568077 136 5.106919765 2.017157555 2.596266508 1.388669968 W M 56 N
4.099999905 1 24.50284004 108 4.864507675 1.145546317 3.597177744 1.783820033 W F 63 N
3.599999905 1.200000048 22.53944397 106 5.606510162 1.474020004 2.177412033 0.609660029 W F 47 N
6.5 0.800000012 21.81818199 126 5.551000118 2.266189337 2.828230619 0.733850002 B F 53 N
4.400000095 0.899999976 18.97453117 89 4.436858654 1.24515903 3.026912928 0.55321002 W F 46 N
6.599999905 1.200000048 30.30303001 109 6.43915987 0.946320832 3.868811131 1.512859941 W M 48 N
3.900000095 0.899999976 21.07580948 133 4.436858654 2.091867208 2.950832844 0.733850002 B F 61 
4.400000095 1 37.52661133 120 5.328959942 1.887779951 2.684267998 0.745140016 B F 45 N
6.199999809 1.100000024 27.04164505 106 5.345613003 1.618706703 3.253317356 0.598370016 B M 52 N
6.800000191 0.899999976 29.16263962 133 5.551000118 1.111979961 3.537647963 2.438640118 W M 60 N
4.800000191 1.299999952 27.43354416 106 5.106919765 2.21638298 3.534880877 0.824169993 W F 57 N
3.799999952 0.899999976 29.06819534 141 5.495490074 1.163699985 3.806591988 0.891910017 W F 56 N
7.599999905 1.200000048 33.60342407 121 5.495490074 1.394578099 4.258418083 2.732180119 W M 53 N
7.400000095 1.200000048 26.06011772 117 5.024876118 1.394578099 5.070421696 0.733850002 W M 46 N
5.300000191 1.100000024 26.22758293 112 5.719805717 1.294965386 4.60111475 1.749950051 W F 45 
7.099999905 1.200000048 32.17773438 113 7.049769878 1.294965386 3.649466753 4.109560013 W M 59 N
5 1.399999976 29.25448227 118 5.273449898 1.189560056 2.606688023 0.745140016 W M 51 
5.300000191 0.899999976 21.70493889 144 5.719805717 1.319868565 3.790067434 1.095129967 B F 56 
6 1 27.00513077 110 5.717529774 2.241286278 2.863477707 0.767719984 B F 47 N
7.5 1.5 24.24796677 106 5.606510162 1.195352674 5.005875587 1.648339987 W F 63 N
4 1 27.73408127 94 5.88017416 1.070836782 3.465007305 0.767719984 W M 56 N
6.699999809 1 28.34879494 107 5.345613003 1.170449495 3.825702429 1.625759959 W M 52 
8.899999619 1.200000048 30.12986946 190 6.883240223 0.896514475 4.084121704 0.81287998 B M 51 Y
8 1.200000048 27.54473114 118 5.238700867 0.97122401 4.009411812 2.67572999 W M 49 N
7.699999809 1.200000048 24.97194099 104 5.505981445 1.419481277 3.230146646 0.632239997 W M 45 N
5.199999809 1 33.08269501 141 5.719805717 1.170449495 3.261954546 1.219320059 W F 64 N
6.400000095 1.799999952 32.30724716 157 8.980629921 0.921417654 2.362802267 2.257999897 B M 52 
7.300000191 1.5 30.56553459 90 20.68752289 0.996127188 4.072432995 4.007949829 B M 48 
8.699999809 1.200000048 31.21001244 144 14.82116985 0.853380024 4.401371956 2.585410118 B M 57 
6.400000095 1.100000024 31.55594063 117 5.717529774 1.120643139 5.628817081 1.524150014 W M 56 
9 1.399999976 28.80596924 131 6.883240223 0.871611297 5.091704845 1.320930004 W M 58 Y
8.699999809 1.100000024 29.19268417 117 5.773039818 1.170449495 4.38945055 1.580600023 W M 52 N
5.199999809 1.100000024 22.94212723 101 4.704139233 1.743222594 6.340613365 0.925779998 W F 60 N
6.099999905 0.800000012 24.15739059 101 5.384469986 1.070836782 2.399575233 1.004809976 W F 54 N
9.600000381 1.200000048 36.39181137 134 7.604869843 0.846708119 2.902991772 2.032200098 B M 51 
6.800000191 1.100000024 25.33802223 124 5.559437752 1.021030426 3.804445505 1.490280032 B F 48 N
4.800000191 1 28.84812927 108 4.94039011 1.706760049 2.16189599 0.925779998 B F 58 N
7.699999809 1.100000024 27.25780678 103 5.345613003 1.270062208 1.424549818 2.190259933 W M 48 N
9.199999809 1.100000024 34.34127808 113 8.38201046 1.008540034 4.189320087 2.82249999 B F 50 N
3.900000095 1 24.29351997 107 5.43998003 1.394578099 3.384349823 0.858039975 W F 50 N
4.300000191 0.899999976 25.85858536 106 5.238700867 1.643609881 5.61787796 1.30964005 W F 64 N
5.699999809 1.200000048 25.79837799 113 4.884880066 1.170449495 4.477374554 1.162870049 W M 50 N
3.900000095 0.899999976 30.05259132 92 5.18524456 1.394578099 1.682761908 1.128999949 W F 49 
9.300000191 1.200000048 23.9961853 122 5.773262024 0.996127188 3.73108077 1.535439968 W M 64 Y
6.300000191 1.200000048 25.7678833 108 6.735472202 1.369674921 2.788613081 1.083840013 W M 50 N
6.5 0.800000012 26.32636452 103 4.971420288 1.394578099 3.094717979 0.81287998 B F 47 N
4.300000191 1.200000048 22.58270836 151 5.18524456 1.24515903 4.180268764 2.777339935 W M 63 
4.699999809 1.600000024 28.30416489 116 5.292156696 1.344771743 4.122032166 1.162870049 W M 62 N
4.599999905 1.399999976 21.7627182 108 5.131788254 1.419481277 2.930170774 0.666109979 B M 58 N
6.199999809 1.200000048 45.16541672 152 4.971420288 1.793028951 3.166918993 0.745140016 B F 52 N
6.800000191 1.100000024 30.67866707 127 5.717529774 1.111979961 2.410151958 0.779009998 W M 53 N
3.200000048 1.100000024 26.27087212 121 5.933630466 1.319868565 3.459059477 0.519339979 W M 48 N
4.599999905 0.800000012 37.08258438 136 14.54006767 1.220255852 3.86899209 1.366090059 B F 48 N
5.699999809 1.200000048 22.7583065 165 5.717529774 1.444384456 3.11214757 0.948360026 W F 58 
2.700000048 0.899999976 17.26053619 99 4.917963982 2.191479921 1.573736191 1.659629941 W F 45 N
4.900000095 0.899999976 29.55171585 110 4.811051846 1.419481277 3.866302729 0.937070012 W F 48 N
4.5 1.100000024 29.65198898 129 5.43998003 1.195352674 5.512731552 1.670920014 B F 62 N
3.599999905 1 19.53125 87 4.543771267 1.917544842 3.114811182 0.982230008 W F 46 N
3.599999905 1 27.00513077 115 4.94039011 1.718319416 3.381272554 1.343510032 W F 50 N
5.300000191 1 24.14178658 125 5.16242981 1.51909399 2.820214033 0.462889999 W M 54 N
5.400000095 1.200000048 27.55314445 98 4.704139233 1.045933604 2.698594332 0.575789988 W M 53 N
7.900000095 1.200000048 31.9535141 100 5.217939854 0.722192228 3.492987871 2.145100117 W M 48 N
6.900000095 1.399999976 31.10912895 105 5.217939854 0.672385871 3.144550085 2.901530027 W M 46 N
6.400000095 1.299999952 25.77762413 123 5.773039818 1.66851306 3.038007021 1.185449958 W M 57 
4 1 25.49108887 129 4.811051846 1.319868565 3.707315445 1.10642004 W F 52 N
8.699999809 1 28.97935295 132 6.307823181 1.24515903 5.147432804 1.851559997 B M 51 N
6 0.899999976 38.83620834 106 5.717529774 0.946320832 3.299891233 1.117709994 W F 60 N
4.5 0.800000012 24.85795403 83 4.496310234 2.068799973 2.286024094 0.711269975 W F 50 N
5.199999809 1.100000024 38.75411606 128 5.106919765 1.444384456 2.832859516 1.783820033 W F 47 N
11.5 0.899999976 32.61721802 114 6.43915987 0.982680023 1.763651967 1.795109987 W F 55 Y
6 1.100000024 22.52355576 122 5.551000118 1.120643139 3.394512892 0.699980021 W M 63 N
5.5 1.100000024 34.31029892 116 5.078332424 1.270062208 3.948485851 0.970939994 B F 46 N
5.599999905 1.100000024 22.12498093 104 5.559437752 1.319868565 2.760839462 0.40643999 W M 50 N
3.400000095 0.899999976 24.67416573 108 5.051410198 1.318860054 3.12906003 0.620949984 B F 53 N
6.099999905 1 22.44582367 99 5.292156696 1.344771743 8.19756794 0.95964998 W F 55 N
4.900000095 1.200000048 26.69614792 110 5.131788254 1.021030426 4.197517395 1.422539949 W M 53 N
8.399999619 1.200000048 26.40597343 147 5.384469986 1.060260057 3.118716002 1.151579976 W M 56 Y
5.300000191 0.899999976 30.85757256 123 4.650683403 1.294965386 4.528706551 1.004809976 W F 56 N
9.800000191 1.200000048 26.34649467 123 5.505981445 1.693416238 3.002759695 0.75642997 B F 45 
5 0.899999976 26.95322418 114 5.828549862 1.474020004 2.767019987 1.072550058 W F 48 N
6.400000095 1 26.52262306 104 5.238700867 1.892641664 5.063698292 1.072550058 B F 45 N
6.400000095 0.800000012 19.35935974 124 4.49031496 1.444384456 3.143179655 1.727370024 W F 46 
4.900000095 0.800000012 20.31709099 105 5.238700867 2.315995693 3.461128235 0.654820025 W F 57 N
5.300000191 1 27.00513077 133 5.106919765 1.525740027 3.47558403 0.937070012 B F 55 N
6.099999905 1 22.77941895 146 8.770580292 1.170449495 4.301526546 1.208029985 B M 58 
5.400000095 1.100000024 23.19384575 126 6.147454739 1.568900347 3.277263641 1.332219958 W F 62 
4.699999809 0.899999976 19.43513107 137 5.43998003 1.195352674 1.819923401 1.603180051 W F 62 N
5.699999809 1.100000024 26.26612091 125 6.682016373 0.921417654 4.359194279 1.908010006 W M 64 N
4.199999809 0.899999976 24.52616501 104 5.551000118 1.758479953 2.679095984 0.869329989 W F 61 
4.199999809 1 22.11506271 100 5.131788254 2.415608406 3.211527586 1.264479995 W F 61 N
7 1.200000048 26.25357246 105 5.884059906 1.270062208 3.441629887 0.722559988 W M 45 N
5.599999905 1.200000048 20.44913673 145 5.495490074 3.038187981 1.668331981 0.451599985 W F 48 N
10.60000038 1.200000048 29.70756721 93 5.773262024 1.543997169 3.555594921 0.948360026 B F 63 N
7.5 1 30.1627388 128 7.382830143 0.846708119 3.777059793 1.930590034 W M 54 
7 1.399999976 23.82916069 105 5.773262024 1.618706703 3.956709385 0.869329989 W F 56 N
6.599999905 1.200000048 30.49452209 100 5.505981445 1.593803525 2.709300518 1.388669968 W F 50 N
5 0.899999976 26.82977295 98 5.452525139 1.270062208 4.636361599 3.759569883 W F 47 N
5.5 0.899999976 31.28616524 96 6.272630215 1.215420008 4.044504166 1.445119977 W F 59 N
5.199999809 1.399999976 25.35154152 138 8.49952507 1.120643139 3.658284903 1.535439968 W M 60 N
5.5 0.800000012 29.05239487 125 4.49031496 1.51909399 3.254662037 0.869329989 W F 54 N
3.200000048 1 25.95298386 98 5.606510162 1.444384456 2.486335516 0.790300012 W F 48 N
6 1 27.23055077 124 5.987086773 1.593803525 2.973072529 1.71607995 W F 63 N
3.799999952 0.800000012 25.37774467 104 5.828549862 1.525740027 1.686071992 0.835460007 B F 53 
5.699999809 1.100000024 31.49782181 143 5.273449898 1.220255852 4.044840336 1.038679957 W F 59 N
8.100000381 1.200000048 33.26586914 145 5.345613003 0.946320832 3.832607269 0.914489985 B M 54 N
6.400000095 1.100000024 27.12020874 132 5.495490074 0.722192228 3.989499807 1.343510032 W M 64 
7 1.100000024 32.27078629 110 5.662020206 1.394578099 3.234361887 1.467700005 W F 59 N
6.099999905 1 32.64008331 175 5.612893581 1.419481277 4.197310925 2.190259933 W F 59 
6 1.100000024 24.28053284 105 5.18524456 0.846708119 3.849467993 0.75642997 W M 47 
5.900000095 1.100000024 28.05836105 104 5.16242981 1.655040026 2.467044115 0.485469997 W F 44 N
6.099999905 1.299999952 28.42154121 96 4.995900154 1.095739961 3.967648029 1.704789996 W M 49 N
5.599999905 1.100000024 32.93492126 113 10.90505028 0.771998584 3.650061369 2.145100117 W M 48 N
6.800000191 1.299999952 24.4192791 113 6.217120171 0.796901762 3.221742153 3.759569883 W M 56 N
4.599999905 1.100000024 26.73905182 109 5.292156696 1.270062208 2.893397808 0.733850002 W F 47 N
5.099999905 1.399999976 23.62532806 87 5.217939854 1.137840033 3.429035902 1.038679957 W M 48 N
6 0.899999976 34.29975128 143 5.399069309 1.693416238 3.069995642 1.174160004 B F 54 N
4.400000095 1.299999952 27.99622536 127 5.662020206 0.827520013 1.97053194 2.246710062 W M 48 
6.300000191 1.200000048 24.89060402 153 7.826910019 1.344771743 2.885924339 1.77252996 W M 64 N
8.100000381 1.399999976 27.92490959 129 7.109665394 1.743222594 6.319925308 1.196740031 B M 55 N
4.199999809 1 27.05234909 111 5.238700867 1.643609881 2.949126005 0.982230008 B F 47 
7.400000095 1.100000024 28.29153252 107 5.43998003 0.871611297 3.695264816 1.77252996 W M 57 N
7.300000191 1 27.89882088 122 5.93956995 0.646499991 3.858311892 1.004809976 W M 61 N
11.39999962 1.200000048 28.32104683 128 5.273449898 1.370579958 4.484124184 0.880620003 B M 59 
7.800000191 1.100000024 29.90346909 115 5.452525139 1.220255852 4.205172062 0.914489985 W M 48 N
6.300000191 1.100000024 31.41820908 106 6.217120171 0.69728905 2.607619047 1.196740031 W M 59 N
4 1.100000024 20.16617012 90 5.551000118 1.419481277 5.686846733 1.140290022 W F 61 N
5.5 1.100000024 31.84859657 126 5.719805717 0.921417654 3.562706232 1.501569986 W M 52 N
5.900000095 1 21.46915054 107 4.718349934 1.344771743 3.273824215 0.75642997 W M 64 
8.199999809 1.299999952 27.13589096 124 6.254367352 0.896514475 3.365213633 1.366090059 W M 62 Y
6.400000095 0.800000012 33.65048218 155 6.605690002 1.294965386 4.383890629 2.054780006 B F 54 
5.900000095 0.899999976 25.25252533 111 5.131788254 0.821804941 3.470955133 1.016100049 W M 54 N
5 1.100000024 24.35903549 106 6.106100082 0.747095406 2.650908709 1.558019996 W M 59 N
1.100000024 0.800000012 21.00085068 102 4.650683403 1.095739961 4.696899891 1.016100049 W F 50 
8.899999619 1.299999952 26.89232254 108 11.97417355 0.996127188 3.446620703 1.083840013 W M 62 N
7 1.100000024 24.58331299 112 5.217939854 1.045933604 5.05185461 0.688690007 W M 58 N
7.699999809 0.800000012 26.73435211 118 4.995900154 1.294965386 2.175446749 0.722559988 W M 50 
4.5 1 30.8997612 146 5.345613003 1.344771743 4.054796219 1.027390003 W F 61 N
8.600000381 1.399999976 23.49115753 148 5.106919765 1.370579958 7.085639954 1.580600023 B M 60 N
5.099999905 0.800000012 26.60204506 125 4.995900154 1.318860054 2.415323973 4.436970234 W F 53 
6.099999905 1.200000048 27.36556244 148 5.273449898 1.396440029 3.010103941 0.598370016 W F 58 N
6.300000191 1.100000024 28.51460266 127 4.757595539 1.494190812 4.489813328 0.880620003 W M 45 Y
5.900000095 1.100000024 45.61182785 148 6.200911045 0.996127188 4.046572685 0.903199971 B M 56 N
8 1.299999952 25.97070885 104 5.273449898 1.163699985 3.222156048 1.941879988 W M 55 N
6.400000095 0.899999976 29.49702072 119 5.662020206 1.66851306 4.382727146 0.95964998 B F 54 N
7.900000095 1.200000048 32.17773438 131 4.884880066 0.996127188 3.38455677 1.388669968 W M 47 N
5.599999905 1.200000048 29.26627731 101 4.884880066 0.896514475 4.622009754 1.049970031 W M 51 N
7.199999809 1.399999976 24.56078148 131 6.200911045 1.220255852 3.734520197 0.982230008 W M 53 N
6.599999905 1 20.41903496 103 5.384469986 1.422299981 3.087683916 0.937070012 W F 45 
5.099999905 1.100000024 26.81223679 136 4.884880066 0.982680023 3.827280045 1.016100049 W M 62 N
6.5 1.299999952 29.61684036 134 5.987086773 1.170449495 3.61365056 0.790300012 W M 61 N
7.900000095 1.100000024 46.24095535 130 6.827730179 1.474020004 3.134232044 1.908010006 B F 59 
6.400000095 1 24.17725754 137 6.842384815 1.344771743 3.097976208 1.253190041 W M 63 N
7 1.100000024 50.98217773 137 4.44080019 1.469287634 3.826840401 0.745140016 B F 49 
5.300000191 1 26.76581573 126 4.773859978 1.965360045 3.227328062 2.099940062 W F 59 N
4.599999905 1 23.83529091 126 5.238700867 2.141673565 3.087218523 0.835460007 B F 52 N
5.300000191 1.100000024 23.553442 110 5.662020206 1.145546317 2.630013704 0.903199971 W F 47 N
6.400000095 1.200000048 23.27075768 135 5.43998003 1.145546317 4.093689919 0.81287998 W M 54 N
7.199999809 1.399999976 37.30015564 138 6.949296951 1.070836782 2.22889924 2.167680025 W M 50 N
6.900000095 1.200000048 36.6604805 143 5.773039818 1.008540034 2.984244108 0.824169993 W M 64 
8.800000191 1.600000024 24.37873459 133 6.494669914 1.034399986 3.123888016 1.196740031 W M 64 
5.400000095 1 21.74765778 101 6.050590038 2.094660044 2.554968119 0.688690007 W F 56 N
4.400000095 0.899999976 21.98887253 117 5.18524456 1.793028951 1.573943019 1.287060022 W F 56 N
4.5 1.200000048 26.71614075 124 5.82671833 1.195352674 4.219731331 0.880620003 W M 61 N
4.5 1 27.21732712 116 4.995900154 1.034399986 2.942867994 0.632239997 W F 45 N
8.199999809 1.200000048 25.65883255 94 5.773039818 1.215420008 3.553164005 1.388669968 W M 46 N
5.900000095 1.100000024 24.6649189 112 5.292156696 1.768125772 3.264230251 1.208029985 W M 51 
6.099999905 1.200000048 23.30668068 115 4.436858654 2.21638298 3.095261097 0.767719984 B F 50 N
3.900000095 1 21.29306221 109 5.773262024 1.294965386 3.246050596 0.925779998 W F 55 
7 1.399999976 24.17725754 112 5.292156696 1.842835307 3.282616615 0.496760011 W M 55 Y
7.599999905 1.399999976 22.1307354 148 5.43998003 2.166576624 1.867583394 0.451599985 B M 58 N
3.700000048 1 37.27178192 125 5.131788254 1.021030426 4.285441399 1.061259985 W F 46 N
3.5 1 21.39124298 95 5.384469986 1.369674921 4.966024876 0.846750021 W F 50 
6.699999809 1.299999952 26.426157 123 5.16242981 0.846708119 3.321923971 3.770859957 W M 57 
7.400000095 1.200000048 25.38622284 121 5.612893581 1.24515903 5.235356808 1.659629941 W M 60 N
3.599999905 1 20.87189865 111 4.995900154 1.718319416 2.476172686 1.061259985 W F 57 N
4.699999809 0.800000012 21.13037109 101 4.995900154 0.956820011 3.382488012 1.027390003 W F 47 N
3.5 0.899999976 29.44396019 122 5.987086773 1.718319416 3.919160604 0.95964998 W F 63 N
5.699999809 0.899999976 28.94735909 111 4.704139233 1.718319416 1.084904552 0.372570008 W F 51 N
3.099999905 1.100000024 24.33616447 97 5.024876118 1.543997169 2.050542831 0.338699996 W F 49 N
3.599999905 1 25.71100807 119 4.829370022 1.643609881 3.135318041 0.462889999 B F 46 N
4.300000191 1 28.00113487 134 5.238700867 1.618706703 3.930849314 0.869329989 B F 48 N
6.5 1.200000048 25.24527168 112 4.94039011 1.396440029 3.858311892 1.174160004 W M 54 N
4.400000095 0.800000012 26.426157 128 4.864507675 1.568900347 2.822127581 0.801590025 W F 46 N
7.099999905 1.399999976 30.57922935 147 6.93874979 0.946320832 2.477543116 1.388669968 W M 63 
7.300000191 1.299999952 28.80596924 105 5.666349888 1.294965386 4.658006668 0.722559988 W M 52 N
5.5 1.399999976 27.36709595 115 5.43998003 1.444384456 5.377483368 0.970939994 W M 56 
6.400000095 1.200000048 24.96263695 96 4.94039011 1.195352674 2.906043291 0.982230008 W F 49 
7.199999809 1.100000024 24.70070076 119 5.606510162 0.77579999 3.041136026 1.603180051 W M 45 N
6.400000095 1.200000048 34.6260376 106 4.94039011 1.369674921 3.755777121 3.488610029 W F 54 N
4.099999905 0.899999976 23.89610481 121 5.612893581 2.116770267 1.576037645 0.688690007 W F 49 N
5.900000095 1.100000024 30.92720795 99 5.662020206 1.045933604 3.862294436 2.043489933 W F 62 N
5.5 1.100000024 29.68460083 105 5.505981445 1.021030426 2.868313551 1.049970031 W M 51 N
8.300000191 1.200000048 27.13141251 110 5.328959942 1.369674921 2.742065191 1.185449958 W M 55 N
4.099999905 0.800000012 24.09449577 115 5.292156696 2.291092634 2.705059528 1.287060022 W F 57 N
7.800000191 1 27.1941967 158 5.551000118 0.896514475 5.247821331 2.393480062 W M 58 
7.800000191 1.100000024 28.71692085 123 5.18524456 1.195352674 1.918191314 2.06607008 W M 53 Y
7.400000095 1.200000048 29.16784859 123 6.772220135 1.170449495 4.104990482 0.790300012 W M 58 N
4.800000191 0.800000012 18.13459969 148 5.719805717 1.469287634 2.471776485 1.388669968 W F 63 N
5.300000191 1 29.47443199 107 5.93956995 1.469287634 4.907788277 1.151579976 B F 46 N
4.699999809 1 22.48860359 109 5.238700867 2.116770267 4.999901772 0.891910017 W M 59 N
5 0.800000012 26.07060242 116 4.704139233 2.066963911 2.94987607 0.677399993 W F 49 N
5 1.100000024 20.11794472 100 5.273449898 0.749939978 3.377315998 1.433830023 W M 63 N
4.599999905 1 23.83880424 85 5.828549862 1.913640022 3.801419973 1.91929996 W F 51 N
7.099999905 1.100000024 25.5362606 98 5.884059906 1.422299981 3.651432037 1.512859941 W M 61 N
4.900000095 1.100000024 26.58070755 102 5.18524456 1.419481277 4.817950726 0.722559988 W M 50 N
7.199999809 1.200000048 24.61054993 125 6.43915987 1.060260057 3.020447969 1.422539949 B F 49 
7.599999905 1.399999976 27.23124504 151 5.717529774 1.034399986 2.19810009 1.072550058 W M 64 N
5.599999905 1.200000048 26.89522743 95 5.345613003 1.643609881 2.618118048 1.140290022 W F 59 N
5.400000095 1.600000024 25.78213692 126 5.328959942 1.706760049 3.584196091 0.474180013 B M 57 N
6.699999809 1.200000048 26.57312965 119 4.551819801 0.982680023 3.123888016 2.382189989 W M 62 N
8.199999809 1.399999976 29.11669731 130 7.549359798 0.871611297 3.912488699 2.653150082 B M 46 N
4.900000095 1.200000048 24.08456802 101 4.773859978 1.095739961 2.741883993 0.654820025 W M 46 
3.799999952 1.200000048 20.19425392 113 4.995900154 1.66851306 2.107046843 1.411249995 W F 55 N
7 1.299999952 30.80158997 119 5.131788254 0.846708119 3.88049984 1.817690015 W M 64 N
7.099999905 1.200000048 26.27343559 119 5.452525139 1.618706703 2.725773335 0.620949984 W M 54 Y
5.800000191 1 29.65198898 119 5.43998003 1.419481277 5.236882687 2.178970098 W F 58 N
6.099999905 1.200000048 25.00024223 134 6.200911045 1.992254376 2.155689716 0.598370016 W M 52 
7 1.100000024 25.25173759 113 5.078332424 1.693416238 3.318251848 1.140290022 W M 52 N
7.400000095 1.399999976 28.98671341 136 6.43915987 0.62063998 3.785903931 2.291870117 W M 52 N
4.400000095 0.899999976 24.2812748 106 5.612893581 1.319868565 4.16762352 2.246710062 W F 52 N
7.800000191 1.399999976 29.16263962 108 6.383649826 1.111979961 5.161655903 1.208029985 W M 46 N
7.099999905 1.299999952 25.97402573 145 5.884059906 1.842835307 4.901452541 1.478989959 W M 48 
5.300000191 1 21.08281326 125 4.971420288 2.49031806 1.714517951 1.208029985 W F 62 N
6.599999905 1.299999952 24.65251732 115 5.606510162 1.810199976 2.942867994 1.535439968 W M 59 N
6.400000095 1.299999952 30.58920479 118 8.552980423 1.270062208 5.97590971 2.585410118 W F 58 
4.900000095 1.100000024 21.91816521 118 5.024876118 2.515221119 1.105178833 0.395150006 B F 52 N
6.800000191 1.5 27.9449234 143 4.995900154 0.97122401 5.007607937 1.45641005 W M 61 N
5 1.200000048 28.33039474 98 5.399069309 2.21638298 2.412556887 0.677399993 B F 53 N
6.5 1.299999952 27.8052845 121 6.682016373 0.921417654 2.171438456 2.562829971 W M 54 
4.599999905 1 26.25040054 128 6.682016373 0.946320832 3.449879169 1.806399941 W F 59 N
7 1 43.60682678 92 6.106100082 1.448160052 2.989415884 0.75642997 B F 49 N
4 1 22.69540596 102 4.971420288 0.996127188 3.612124681 0.835460007 B M 59 
6 1 25.10633278 111 5.131788254 1.419481277 1.999210715 1.174160004 W M 60 N
6.5 0.899999976 24.1301899 133 5.078332424 1.24515903 3.482048988 1.817690015 W M 48 N
4.800000191 1 23.27121353 116 5.273449898 1.189560056 3.599711895 0.666109979 B F 61 N
6.400000095 0.899999976 34.63995361 105 7.8580513 0.996127188 2.520832777 1.241899967 W F 46 N
4.300000191 0.899999976 28.92061234 109 5.238700867 1.294965386 2.159930706 1.433830023 W F 58 N
5.900000095 1 34.22659302 146 5.328959942 1.474020004 4.184147835 0.575789988 B F 54 N
4.900000095 1.299999952 28.55242348 116 5.495490074 1.292999983 3.946235895 0.75642997 W M 49 N
6.800000191 1.100000024 28.22817039 146 5.43998003 1.842835307 3.101596594 1.851559997 W F 58 N
6.699999809 1.299999952 43.88366699 131 16.76402092 1.163699985 2.968728065 1.140290022 B F 56 
5.5 1.299999952 27.65622711 132 5.16242981 1.867738485 1.969885468 0.993520021 B M 64 
6.5 1.399999976 29.27611351 102 6.414735794 1.195352674 3.583575249 2.495090008 W M 53 N
5.699999809 0.899999976 18.08312225 122 5.612893581 1.867738485 1.752661467 1.185449958 W F 55 N
5.900000095 1.100000024 33.62022781 126 6.827730179 0.896514475 2.253233433 2.325740099 W F 58 N
7.599999905 1.299999952 26.98632431 189 6.106100082 1.655040026 2.120520115 1.467700005 B M 52 
6.099999905 1.200000048 32.82571793 141 5.106919765 0.722192228 3.022335768 3.172489882 W M 57 N
6.699999809 1.399999976 24.70281982 127 5.884059906 1.267140031 2.89114809 0.801590025 B M 51 
5.099999905 0.800000012 32.12599182 187 5.345613003 1.51909399 1.506525993 0.564499974 B F 50 
6.300000191 1.200000048 33.02925491 116 6.272630215 0.801660001 1.184388041 1.874140024 W M 56 N
3.799999952 0.800000012 33.15562439 160 7.697682858 1.070836782 3.263299227 1.377380013 B F 48 N
5.900000095 1.100000024 26.4845047 134 5.273449898 1.743222594 3.86322546 1.027390003 W M 62 N
4.099999905 0.899999976 24.59436607 143 4.385290146 2.042060852 2.731695175 0.417730004 B F 47 
7.5 0.800000012 19.9216423 103 5.273449898 1.195352674 5.466183186 2.562829971 W F 58 
5.300000191 1 22.62626266 127 6.735472202 0.747095406 4.321464539 3.725699902 W F 62 N
7.400000095 1.100000024 29.0461731 114 5.773039818 0.97122401 3.052592039 3.63538003 W M 46 N
11.89999962 0.800000012 22.6547451 171 6.772220135 1.008540034 3.884171963 1.45641005 B M 52 
4.400000095 1.100000024 25.94128609 103 6.414735794 0.97122401 4.174915791 1.91929996 W F 57 N
4.699999809 0.899999976 33.81543732 179 12.93383026 1.370579958 4.835820198 1.016100049 B F 51 N
8.800000191 1.299999952 33.90542221 110 5.773039818 0.946320832 5.80313921 1.072550058 W M 55 N
11.30000019 1.200000048 26.94535446 139 6.661200047 1.444384456 5.315419674 1.614470005 W M 51 N
4.099999905 0.899999976 23.91303635 113 4.917963982 1.693416238 3.059651852 0.745140016 W F 47 N
4.900000095 0.800000012 26.02617455 109 5.88017416 1.718319416 2.517548561 0.519339979 W F 47 N
4.699999809 0.800000012 34.55838776 141 5.106919765 1.444384456 3.019051552 0.925779998 B F 58 N
3.900000095 0.899999976 28.94176102 151 5.384469986 1.992254376 3.060789585 0.767719984 W F 46 
5.300000191 0.899999976 25.74573898 118 7.993440151 1.706760049 5.099592209 2.020910025 B F 50 N
5.599999905 1.100000024 23.99634171 88 5.131788254 1.618706703 3.206769228 0.75642997 W F 56 N
6.699999809 1 27.37874794 150 6.43915987 1.120643139 4.387537003 2.82249999 W F 49 
4 0.899999976 20.93640518 109 5.505981445 1.593803525 2.419668436 0.722559988 W F 46 N
6.900000095 1.200000048 26.5574894 120 5.078332424 0.821804941 3.781275034 2.314450026 W M 59 N
5.199999809 1 33.59236526 112 5.217939854 0.747095406 4.823148727 1.558019996 W F 47 N
4.699999809 0.899999976 23.25994301 135 4.496310234 1.992254376 4.498605728 1.580600023 W F 61 
4.099999905 0.899999976 19.94213486 101 5.292156696 1.270062208 3.22957778 1.016100049 W F 63 N
5.599999905 1 27.4747467 138 6.661200047 1.810199976 3.677292109 1.061259985 B F 50 N
3.5 0.899999976 24.1016407 114 6.628560066 0.896514475 3.680705547 2.370899916 W M 51 
4.300000191 1.100000024 26.98863602 156 4.718349934 1.784340024 4.432404041 0.880620003 B F 60 
5.199999809 1.100000024 30.72914124 113 5.666349888 1.394578099 3.260221958 1.354799986 B F 47 N
5.199999809 1.100000024 25.67972374 103 5.662020206 1.189560056 5.218547821 0.632239997 W M 45 N
4.900000095 0.800000012 24.65483284 205 5.452525139 1.394578099 3.555025816 0.993520021 B F 56 N
5.800000191 1.100000024 23.04032135 111 6.254367352 1.294965386 5.56827879 2.291870117 W F 52 N
7.699999809 1 34.92768097 133 10.99098015 0.879239976 1.422299981 4.403100014 W F 47 N
5.099999905 0.899999976 22.69540596 120 5.292156696 1.768125772 2.46257019 0.699980021 W F 46 N
5 1.200000048 35.49215698 123 5.345613003 1.593803525 2.761020422 0.541920006 B F 52 
4.800000191 1.200000048 30.07510185 113 5.452525139 0.821804941 4.262270927 1.77252996 W M 49 N
5.800000191 1 24.87686729 139 6.050590038 1.270062208 3.033041716 1.049970031 W F 60 N
4 1 23.87511444 93 7.323489666 1.51909399 4.180449963 1.332219958 W F 47 
5.099999905 1.200000048 23.60412979 100 6.217120171 1.817932129 3.700591803 1.275769949 W F 50 N
3.400000095 0.800000012 26.55974579 116 5.217939854 1.270062208 2.614109755 2.020910025 W F 50 N
5.199999809 0.899999976 26.49956322 101 4.829370022 0.698220015 4.882368088 2.156389952 W F 47 N
6.199999809 1.100000024 27.20339775 113 5.717529774 1.768125772 4.179674149 0.846750021 W F 53 N
5.400000095 1 26.67675781 112 5.131788254 1.967351198 2.609868765 0.677399993 W F 65 N
4.199999809 1.200000048 21.24779701 93 5.051410198 1.444384456 1.658815503 0.903199971 B F 47 N
5.400000095 1.299999952 22.70794678 98 4.773859978 1.344771743 4.09100008 0.666109979 B M 50 N
5.300000191 1.100000024 27.37969208 103 4.607329845 0.879239976 1.986047983 1.648339987 W M 49 N
5.599999905 0.800000012 27.37874794 97 5.051410198 1.270062208 1.724525809 2.607990026 W F 49 N
4.5 0.800000012 28.27080917 132 5.719805717 1.593803525 3.950580597 0.937070012 W F 62 N
4.800000191 0.899999976 29.47443199 106 5.217939854 1.718319416 2.631332636 0.666109979 W M 47 N
6.300000191 1.299999952 25.66115189 122 5.82671833 0.946320832 3.12921524 1.433830023 W M 48 N
4.300000191 0.899999976 23.58832932 100 5.328959942 2.017080069 3.739356041 1.151579976 W F 47 N
6 1 36.09811783 153 6.772220135 0.698220015 4.985807896 2.382189989 W F 61 N
5.800000191 1.100000024 24.43503952 128 5.384469986 0.97122401 2.690551996 1.71607995 W M 49 N
8.100000381 1.299999952 29.68460083 104 4.773859978 1.370579958 4.266900063 0.95964998 B M 48 N
5.699999809 1.100000024 27.30785751 124 6.147454739 0.821804941 3.015819073 1.896720052 W M 57 N
4.599999905 0.899999976 26.87118149 120 4.718349934 1.419481277 4.730026722 0.745140016 B F 51 N
7.400000095 1.299999952 25.35237885 124 5.995079994 1.021030426 2.780389547 1.975749969 B F 60 N
4.300000191 1.100000024 29.55171585 115 4.551819801 1.220255852 4.225860119 0.75642997 W F 50 N
3.599999905 1.100000024 23.03556824 133 4.884880066 1.448160052 2.694612026 1.004809976 B F 49 N
3.799999952 0.899999976 21.56903267 126 5.452525139 1.419481277 3.628390789 1.117709994 W F 58 N
4.400000095 1.299999952 24.04738617 120 5.131788254 0.97122401 4.790383816 2.21284008 W M 46 Y
7 1.299999952 36.19874954 111 5.995079994 1.070836782 4.401139259 1.546730042 B F 61 N
4.800000191 1.200000048 28.55435371 105 4.650683403 0.821804941 3.481299162 1.388669968 W M 52 N
5.400000095 0.899999976 33.50110245 105 6.161610126 1.24515903 2.457993031 1.56930995 W F 48 N
